1 10
100 200
201 210
900 1000

54 18
150 250
250 2500
201 222
2600 26000
30000 90000
230 300
950 1000
10000 20000
100000 110000
300 340
910 940
230 270
280 310
900 940
1500 2000
2500 3000
450 950
540 630
10500 11500
13000 15000
20000 39000
50000 55000
59000 70000
100000 130000
83000 95000
95000 100000
130000 150000
150000 165000
170000 200000
1 50
51 150
315 415
505 905
1000 1700
750 1250
875 1125
975 1875
204 402
2000 2200
1300 3500
3600 3900
4600 5000
5400 6300
8800 13000
12500 19500
31500 59500
1234 4321
1997 2018
750 10000
5450 9014
9412 13490
5700 15700
6785 19500
1577 9300
1800 3000
1245 8923
5600 6500
7900 10000
9150 10800
7800 12000
15000 21500
6750 8760
8770 9770
12345 54321
9140 10940
6400 15200
4300 19000
7900 12300
9850 12350
17000 25000
18500 31500
6200 23450
9500 13250
15000 45500
50000 54321
63450 64450
1900 2100
2150 2350
1595 1959
300 2335
700 8775
1200 6900
9500 19300
8400 16800
7654 9876
9900 19000
13500 23500
31500 51300
43000 43500
21500 24542
12321 23432
23432 34543
19900 29100
16300 17900
105 895
35 65
15 85
175 815
345 655
455 755
955 1255
395 1205
1575 1905
1300 23400
7850 13540
1830 3930
48120 75320
1245 8674
2135 7234
950 1820
1030 1910
650 1945
6600 7850
9450 10950
710 1240
920 1045
1240 1760
1860 2350
1952 2018
1355 2345
12340 43215
