1 10
100 200
201 210
900 1000
123 456
123 1234
12345 98765
100000 200000
1000 2000
1000 100000
5650 56500
32 45
320 45676
765 765
999 999
987 654
121 232
121000 434000
12345 1234
1567 800000
6001 7000
500001 600000
780 781
1 2
500 500000
99 43244
1234 5432
64467 12344
2 4
598 9988
12 9876
123 99887
900000 999999
999999 111111
111111 222222
23232 45454
98769 123423
6445 43254
545 666
777 9999
11111 44444
34343 78788
765 764
123434 126444
9876 9899
99887 7888
123 5566
1453 78888
12345 8909
12345 123456
11999 11880
12313 54535
54535 565456
4343 65656
1 45545
4 64656
3 5656
21 45636
12234 34
1 2354
15 34562
21 564
1423 4235
4356 1423
6543 2
3 6565
1 90909
5454 5345
4 888
1234 12340
9876 98765
1234 12344
5656 7878
54687 8
8899 5432
1234 123456
1 123456
88778 88999
53454 34
4343 8988
4 434343
3 43439
23 888
434 8888
2345 8888
2342 55543
12 43535
1234 53421
12 2345
2 545
12 345
142 4536
89 1324
4324 9
1234 787
12 8989
989 534543
12 123
1234 12345
5342 54353
5325 543333
444 3333
12345 453
22222 22223
34545 55666
43434 5555
55 22
2 4
235 8998
989 43242
5454 543453
123 5555
890 098
231 453
423 56466
