1 10
100 200
201 210
900 1000
41622 770515
68264 320142
606811 865332
545613 703703
221058 713718
159228 948529
473587 623401
497846 964771
218202 493610
421900 894219
135408 384211
123757 246600
172144 378622
972029 980313
401297 690876
63580 782963
98783 188008
278701 438810
246847 367416
618805 826807
562764 877754
681933 994547
867350 918827
84500 730442
447426 587014
629733 787014
203672 882197
536593 577110
294402 894726
84104 789247
315558 856133
444800 586657
12378 945296
119868 501446
550767 660744
33036 592829
530176 715778
93184 377053
16186 977772
364003 601320
634476 767637
285176 703117
144366 578457
561588 593692
572466 782286
243756 671641
309044 758701
676693 790169
444271 531902
626218 882419
631184 883384
657963 857666
21566 136735
683486 839243
176745 255012
327507 431958
302699 472168
353762 571066
983749 995122
188826 817728
309114 907165
158942 761978
76452 234299
237850 886886
499343 843264
901402 992790
153162 965094
336030 608991
381733 735356
208484 510284
240674 382322
319610 597341
155862 592040
269674 880305
16012 860877
94522 908919
159841 208973
710345 946136
304294 400797
1112 824353
362478 425630
258006 606597
312207 602813
748250 945879
260074 828589
915484 984760
178570 821691
368898 619808
389102 650905
20018 299724
34112 738679
307898 846894
344909 392547
108696 912763
325476 396959
639639 822150
836439 898996
6404 327135
470501 497695
198928 762642
459449 509580
280173 315259
315486 817480
783250 907159
257186 962346
695259 760842
273032 751448
407223 417776
142030 393839
148388 519719
60890 480559
262798 968477
161302 967489
136554 895669
12018 48384
392363 410029
3690 592982
57712 399295
232680 507779
456617 908298
649637 792147
253270 366827
466324 864343
11418 855683
613904 943521
123474 622707
105807 189866
452383 637485
183230 921845
892687 909646
47038 526146
3640 67090
27924 541084
43182 827874
237008 499302
623797 706209
379496 550462
549924 986696
491278 792098
195261 363455
84190 469930
197633 216450
109936 688046
705000 801135
650169 684178
202711 377827
771219 897860
661600 958040
114974 408249
54386 565617
387408 948872
135050 342338
614350 685846
59132 409294
631095 924666
198840 828349
89242 603109
216180 618214
158314 250686
500602 910392
284678 756733
229102 990195
341800 835477
213802 971532
196864 629562
188092 223079
695290 823381
176602 496291
458529 587207
338834 629428
596575 629140
189982 326669
566799 711516
478565 839082
819121 978881
482448 602327
72548 752942
18176 781268
677676 684400
440845 645062
405910 929421
309774 832938
131268 803926
131028 672119
468586 966666
284442 803838
468970 628318
739604 896149
597209 680510
628099 816355
317480 771934
334219 456516
90957 161158
305264 446532
442482 998606
343739 447282
