1   10
100  200
999999 999999
1 999999
201 210
900 1000
1000 901
2769 9075
7680 2643
1270 211
972	6955
512	9309
6473 4441
4802 7857
6561 4938
6168 9917
3413 5804
1427 8763
5799 1415
1080 1003
1913 4786
905	4425
1749 274
9830 735
3828 7892
8281 6917
3704 560
6153 4055
3120 2461
6845 8214
8545 7661
3492 7354
1018 2245
7128 1531
7834 4404
2542 473
1702 6859
2226 1330
9088 790
1 1
5 1 
1 2
10 10
6 7
600 1 
2 125
400 500
78	164
57	646
406	281
64	339
653	56
769	864
303	252
556	551
778	660
764	629
984	550
725	671
305	514
44 686
353	25
732	321
677	569
229	673
67	442
734	348
207	431
236	444
423	718
257	907
160	966
776	347
668	436
318	718
842	494
944	716
732	888
2	115
974	709
631	936
473	71
35	50
399	403
389	64
140	7
5819	9280
9061	9693
5413	3355
5150	9146
7317	7788
3281	8444
7195	7718
3592	7766
4953	785
6090	2643
7259	7387
9710	1177
2487	5455
8966	9120
7897	2550
2896	7511
5977	9613
4429	8766
3265	3180
2009	9765
2809	381
268	6966
202	2426