635374	147021
689974	955118
91704	839341
148035	750896
586261	825039
195524	156032
506469	922322
45494	817331
692949	105553
446105	189972
623947	725947
418797	28160
541358	208011
918395	180151
198619	53726
647978	447938
438523	13353
136858	607554
9512	912190
753891	506276
159638	726290
577959	153104
632348	865826
35261	821075
845853	753838
840000	142489
457094	137385
945659	735662
627306	964226
645839	844459
220385	913858
459207	992469
975876	779942
899374	568527
902157	217751
437521	866585
125050	246282
962658	113252
406866	671994
750685	622537
552629	859721
559580	936388
101654	369948
553306	995633
994307	264217
9818	279721
768367	592566
30607	900426
341587	438677
507551	740959
242917	518343
250929	321207
877508	165638
378831	794407
204906	454965
627183	981706
349727	784672
921375	311291
757403	826751
229093	650579
160271	4533
218287	16671
807203	905208
629838	986678
223957	751082
562500	666077
600220	130553
622078	206602
765069	726789
817401	12487
587111	428135
196490	387209
723401	251359
676873	50199
237357	941142
486220	305313
819877	491944
846226	711384
655860	975669
932837	484119
97107	568649
105722	710426
833139	818740
639886	943409
648298	9835
478952	124278
6260	449571
882906	709324
270928	44787
677324	262602
219004	491130
882441	221953
255247	200885
173239	829400
615008	265838
554525	560612
674140	4405
479168	721778
756699	44386
812566	563726
525488	232057
953524	989039
996897	906140
442331	723641
845595	461347
1 1
1 999999
999999 999999
10 1
