1 999999
999999 1
1 10
9824 100003
10 10
873 873124
1 1000
8000 8999
502132 1
1 999
1001 2000
1001 1999
999999 999999
406504 716007
927466 6358
946134 956847
46119 541294
840171 759539
648469 327551
366035 249356
973332 880055
157738 491495
184213 640658
33060 539151
158081 722998
391180 101835
573758 421443
37878 977672
338167 480242
62477 621527
599365 184651
213958 40284
687669 892238
257077 669651
775831 792311
678196 347015
729239 104121
121133 724137
429951 191340
344044 430319
410662 587386
192613 594290
808966 810768
708819 168856
284669 987017
884197 437430
61096 985155
881681 424597
976179 900689
667804 919507
864825 309643
993932 524843
89272 828848
426372 200251
929147 865989
102579 479370
757568 330199
824497 469703
295501 909850
236763 728585
443755 600075
616378 681182
58567 272896
993190 732263
867184 410271
892288 458642
965430 301419
309250 320950
856318 768866
60422 204027
623165 862052
979102 710403
947147 76579
945896 402051
855576 789511
951543 386572
303389 453960
631013 243928
341329 62488
757399 515884
202128 427073
180669 333969
155062 761565
188892 524355
53078 887611
560550 863656
964127 168011
586395 496414
993503 424077
497638 737111
471606 271710
261441 768692
60040 597657
499185 927623
459365 27707
69889 58730
297043 29409
1655 481022
442418 405520
532370 797871
399938 191313
897052 341874
875080 277213
654960 801125
371242 600851
579889 468101
101296 292161
392045 789260
118274 216439
313338 974527
102827 660132
91494 170805
767147 786185
981972 640631
842134 815509
860811 312643
718824 771238
513100 752186
349312 52678
37670 547374
499033 351214
597281 313787
366569 642211
642009 906373
707634 909144
429611 938107
224739 329456
262795 432551
632534 340159
158910 557675
530971 747331
860260 730650
448375 66329
405034 52332
119918 290111
873720 977645
858534 45791
485894 851967
923842 108402
604693 234487
684295 135072
812273 786874
599760 491067
110850 768380
457977 352010
334982 178375
185872 50822
357073 60580
676044 391060
364191 398585
380565 194421
166978 117728
766043 545939
174274 253748
734873 873079
953342 816299
582669 526774
322798 695054
756789 319973
584545 341298
884291 590505
771253 722951
950443 63218
207021 743511
260992 466732
808035 174111
74774 644826
63048 299379
744099 807232
903060 792935
79119 620017
458345 736216
408726 724750
888427 442644
292527 435589
975852 517823
634545 59749
168939 820398
133382 237560
385147 855106
821909 899941
100692 771077
326052 836680
387081 502998
30028 312354
103333 610854
313957 156204
283616 117864
477293 742330
190009 534051
229611 939909
704597 924351
464321 414788
555763 124948
185676 353268
519388 73877
231699 21658
283662 347154
570667 877253
124340 858554
