45 15
555 555
1 10
100 200
201 210
900 1000
650 700
1 200
5000 6000
18 22
10000 15000
325 800
211 325
800 900
500 1000
200 500
2000 3000
3000 4000
4000 5000
1 1000
555 777
888 1111
15 51
6000 7000
7000 8000
80000 90000
57 92
18 24
15 30
900 1800
1800 1805
1492 1500
253607 473981
115115 609609
424862 500000
116003 677436
126105 449578
516266 783692
517115 736020
78284 405221
405 406
81288 85326
32430 32524
26356 57739
41480 79682
79682 81681
85 108
193312 199907
500 149037
21 196767
599 71659
699 60269
70987 189177
88579 102049
60781 142385
143417 150711
126479 194762
879888 885346
973779 979792
471604 1000000
861319 864945
157537 770295
437058 836193
153358 672999
176247 194202
198757 199645
9415 9933
9725 9829
7754 9740
871 62079
46137 99419
939 74884
42197 86496
61743 79530
5774 99922
7031 88252
11656 78699
4571 9992
82577 91400
5010 22516
6513 8726
89337 99521
1421 93690
5983 91969
9999 10000
22 40
15 21
32 45
23 32
55 66
203 302
45 54
69 96
7 70
18 81
34 43
15 51
78 87
405 504
609 906
300 302
1000 1003
305734 639574
31000 375051
208308 311559
437840 661024
676643 755118
518083 784977
461118 825870
5 10
15 30
25 50
82587 165174
45 90
585967 839964
376217 402450
849841 872377
123123 321321
798820 827562
863681 968300
93773 99787
9246 27176
70479 92571
83463 85859
51702 93634
85071 94174
68593 84749
19744 58489
15309 72093
72093 79294
81069 99871
99871 99923
99959 99998
99998 99999
99990 99999
99993 99996
92454 92854
928541 987062
136003 227063
227063 432278
432278 498206
498206 651122
651122 822687
199002 642677
101 217
89 98
47 75
999 9999
500 555
604 798
1211 1344
55566 99999
