1 10
999990 999999
171369 864915
109707 175863
446584 692031
924015 518055
785110 680485
212052 601167
996510 888674
920268 432206
545529 577824
407685 667538
964485 131505
692309 940322
489349 804593
568080 438529
346023 982035
877044 185545
381651 240572
916657 827384
439403 227559
543875 992751
202917 793553
14528 405029
24106 523096
483245 692274
858647 181248
26004 781923
443116 484304
445836 569314
95051 562204
171874 432158
609636 468702
752147 458751
777757 326763
928236 292646
243684 97066
411296 756519
278748 724549
853680 584820
82791 48027
963959 555921
691335 319287
830830 327164
645668 125961
936369 296998
262342 640313
33355 24439
54951 257241
64501 924516
633116 436803
403180 334327
290616 374971
546567 377329
256344 462095
772021 539863
149725 111970
304183 94989
996835 231621
840937 350514
109226 870358
938746 599562
722342 511972
184854 164755
829580 542540
360943 449862
903162 48708
138166 89331
630501 97104
244699 262075
649395 439757
134163 518268
470003 898240
738052 963922
333010 318223
662412 850821
245156 73275
727771 391822
345256 806925
481478 646212
493021 115284
322184 449873
36974 555223
239467 681050
450815 895875
529390 641704
320648 999308
600370 913839
592971 637539
613239 144429
551749 743332
785844 643337
568195 25030
443917 722720
209568 43499
927087 254323
765500 835525
446706 476379
362281 844185
250462 961410
468833 105292
687435 580065
568671 156667
968392 471617
450171 594929
535861 581872
723095 222946
202341 81853
764241 348801
430143 779701
450951 132504
960902 786066
127885 368569
920948 480991
153747 154650
141529 355144
384614 680608
27736 617820
343958 956390
829975 540594
614087 260142
49129 401999
229003 51323
54953 606329
430144 923926
699599 588978
132563 810619
647654 335800
91630 752805
184052 793324
339674 752903
221821 868369
766115 371452
946866 365328
800480 77086
48126 987452
252925 681464
611386 608216
45565 195578
630594 90297
129686 263642
136162 213917
807063 21308
709545 79362
599986 382028
938136 500961
225059 17484
475684 772096
424871 817246
317834 333899
123226 525062
495963 708961