359434 181653
830458 153334
928342 48360
145354 822455
29510 717356
628689 971168
525098 277733
806073 252312
978131 210270
302498 512842
186357 891949
95877 680491
581881 483199
719849 331619
268771 682766
430518 521319
41402 592304
124428 148622
192627 912745
864052 934929
35491 201459
476416 698427
684105 140140
914142 192201
784819 853255
877115 946920
329182 132824
508585 881766
241848 325383
436748 195919
852047 912875
641756 663321
269979 772943
747803 169241
275717 837852
372526 758478
295067 160170
711385 292094
320795 447027
838467 645060
448755 970156
11241 40526
464795 899250
450531 861068
449185 469387
92357 904499
264615 47841
224847 238360
213859 641203
232853 194114
603204 614129
85231 572796
386467 46259
967917 532779
632723 688741
831196 813127
657496 985231
108373 104695
35934 564872
428576 247466
63494 407635
259713 422405
330382 714240
940647 791788
561865 563280
787082 741389
594934 434893
245884 879827
337871 494887
795937 448033
269868 338491
998780 899264
954255 764725
243810 323083
491613 798379
671777 91577
523073 963950
621806 729963
764637 796074
749078 713287
96834 905271
125888 888951
80160 213485
931797 165746
19078 143343
427280 103776
228607 18699
435987 508832
741178 554681
735191 206612
18298 285659
788801 798935
558474 478938
855273 619577
924992 297639
617027 577052
759119 183741
182952 415308
866622 82703
151861 466630
425178 129951
