1 10
100 200
201 210
900 1000
999998 999999
1 2
1 1
4 5
4 6
5 9
10 10
5 3
14 43
6 7
69 123
5 47
56 57
12 15
999999 999999
111 112
156 131
555 678
200 220
1 999999
1000 2000
523 600
242 4221
1010 10101
142067 142078
16378 16380
25 27
28 30
31 35
51 46
19 41
2 10
3 9
4 11
5 13
1 3
70 71
69 72
73 75
99 100
101 102
17 18
1 5
343 345
444 441
9 16
21111 21112
31111 31113
41111 41113
51111 51113
61111 61113
71111 71113
81111 81113
91111 91113
145 154
245 246
211 212
311 312
411 412
511 512
611 612
711 712
811 812
911 912
122 123
222 223
332 333
442 443
552 553
662 663
772 773
882 883
992 993
10 11
11 12
12 13
13 14
14 15
15 16
16 17
17 18
18 19
19 20
20 21
21 22
22 23
23 24
25 26
26 27
27 28
28 29
29 30
30 31
31 32
32 33
33 34
35 36
36 37
37 38
38 39
39 40
