1 10
100 200
201 210
900 1000
1 1
3 1
1 1000
175 240
166 473
274 129
20 100
1 100000
120 130
1 2
50 40
123 50
2314 72952
1 50
294 827
200 300
982 1000
123 321
5802 150231
50000 75000
153 192304
1274 9375
3952 9853
72847 92748
1 45
142 845
845 142
28475 57482
3847 8473
294 958
72424 92875
100 209
9023 6810
100000 200000
48 84
18372 68204
71839 98182
1 5
10 10
48724 82744
38572 42
42 42
2842 9817
28427 41835
1 1000
381 984
572 284
719 987
4718 3794
34728 38249
1744 3924
18374 38521
3847 294
381 4934
4824 4294
285 863
92 68
8 2
3482 4294
424 482
592 482
39 48
2944 4863
394 294
1937 47892
492929 102952
100000 150000
381 3918
4829 204
39284 49829
224 294
39795 2941
4892 329
498 38
32 1942
4927 29
6193 378
825 2842
4856 382
4985 389621
482 13
4592 23
4234 496726
294 12
384825 273049
139 3763
1958 12
19472 28496
135956 123456
294 28524
248 18442
12 100
3758 294
28472 37181
100 2852
1349 19385
1284 385
12 4859
1845 10485
183 24
1734 12345
28571 582929
1837 24
194 29
934 82750
