1 10
100 200
201 210
900 1000
53624	999259
429935	469905
368994	15125
453785	720898
529433	898029
628189	888278
794637	141959
122587	389252
539146	65726
941443	42482
766345	132049
744695	923295
817549	366877
667982	151476
689851	587803
100756	745553
66352	372311
737619	775536
80512	959064
473919	419728
192121	253138
40472	901314
739496	167801
265742	146851
510078	440205
749059	109303
161373	197083
550376	268276
230082	433345
548115	527423
373264	533716
569694	419585
623837	382425
877224	377386
590212	622500
647589	805390
835075	646714
851203	596894
813502	348551
764993	684513
419265	897167
475798	754718
586529	786283
693462	202681
326958	774745
82877	706262
731276	282849
210879	607376
962567	955238
481645	841218
457554	385045
160879	413099
102389	670910
639200	908301
936054	214908
657846	124053
964952	479075
115074	697490
990083	8240
612424	328649
361295	263711
585000	306794
151415	86749
742616	245108
228962	427693
629418	899023
930865	118907
470107	931966
658301	245269
698421	156697
55524	349187
13272	205931
45415	564882
89714	993132
1649	552837
29884	684349
667133	377626
554962	308008
670672	360184
10580	529230
238692	650641
315833	730246
884667	757618
318821	742802
539971	887165
107326	74858
148836	677765
583320	708036
952044	488922
939169	176029
189905	861318
939231	226845
848789	966251
705207	141969
821044	230731
525793	235363
977503	500964
821867	817925
122699	201883
839496	94527
941953	432734
206007	590657
150388	609698
470771	626774
863820	757903
869915	91161
743814	160392
745404	22163
404459	568209
708811	325651
230383	231631
626634	130084
910976	786021
506534	485143
467762	404117
376130	607638
819284	228389
653508	628650
336681	847525
728899	600691
204685	838436
129529	305352
523898	765643
37081	146298
957206	429576
828556	232543
429242	494596
565091	79096
996310	896068
665817	908847
881220	904384
454351	259107
638585	65665
16196	968146
159253	507439
44567	221741
967384	417866
303951	866502
137198	614022
934064	950571
947035	262578
338498	698203
464988	143048
186817	919938
297224	52654
729470	546431
203934	624120
996240	919107
326493	66636
216211	993475
166368	130355
652751	777307
782466	382566
998839	129572
904718	718286
253274	556313
99086	386599
113046	847101
46035	935666
298722	536791
1 1
1 999999
999999 999999
