1 10
100 200
201 210
900 1000
27 27
96 98
870 872
837798 837800
8400510 8400512
63728126 63728128
670617278 670617280
1 1
2 2
30 50
10000 100000
4182 7340
7168 9908
6595 7008
1452 7851
2764 4669
1688 6860
1124 8569
5865 9678
2985 6317
2303 4461
3583 3978
6199 9757
8609 9954
3261 9413
6960 9072
1510 9094
4091 4985
604 1484
5200 9557
85 9131
2200 8372
3228 6017
6470 9580
1044 9287
5614 7563
5626 9628
53 5572
3804 9539
4475 5155
234 7431
329 948
4191 6448
1467 5929
4218 6979
317 8441
1586 2957
6203 8598
7266 8717
2047 6357
311 1660
5789 9623
3123 9136
7938 8455
3052 9324
2803 8238
878 4909
7982 8035
2603 9312
5040 8772
2404 4959
1002 6302
3123 4451
5424 5801
6034 6561
3829 9475
4548 5508
4312 9678
4082 4200
9673 9924
3627 5244
4446 7163
864 8145
279 4282
2578 3228
4769 5098
2116 3930
1057 2820
904 3883
23 915
4774 7088
7534 9298
753 5548
3518 8028
4118 8830
4054 5703
5799 9543
403 2286
7026 9700
330 8301
5819 8491
4187 6848
6494 6798
3837 3865
4375 8191
3660 7223
9016 9890
2338 8341
480 8356
1497 3963
3752 4555
2827 7601
3655 3724
5897 7078
4634 9452
7453 9032
1069 8802
6327 7556
5281 8301
1297 5377
803 1146
8281 8519
539 5822
6918 9171
5687 6225
3307 7478
4012 5437
443 3440
8290 9050
435 1648
2290 5245
2556 8424
623 5955
4377 7386
1038 8954
1318 6863
253 8926
2767 6463
120 2398
688 2085
3315 9343
1070 1926
321 3588
2720 4237
2546 6993
6353 9873
2445 3123
1264 2647
1257 5710
1490 8551
2605 8620
6018 7152
1823 8070
1264 9014
4958 8063
7431 9707
2229 7464
1841 6434
3124 9496
4453 6471
5585 7900
8044 9495
5863 5910
2867 7341
4538 7394
2584 6808
4363 8254
2104 5877
6558 8390
6733 6977
1620 9746
5693 8955
9187 9677
3444 6786
6166 7826
2869 4285
4849 5873
1743 9791
4485 5565
2561 7462
147 4680
700 1783
412 2017
2550 6754
4790 6803
1158 5431
1614 7500
667 9003
2666 4620
5436 6835
5024 9346
6564 8188
3563 9313
2466 7469
1639 1720
1360 7205
7201 7884
4244 6958
2427 6727
204 6487
1990 8655
1838 3709
6613 9553
6215 7243
1047 7091
2002 5251
1927 9986
621 6637
4845 8676
2155 3523
1631 2131
7205 8147
2227 2414
2953 4968
211 1311
5723 6219
2980 8765
2092 5246
2247 3335
2932 4533
3807 4467
47198 55111
25677 97176
21291 84992
80014 80178
26638 71687
62710 70278
38431 50844
25869 31852
11602 62411
53509 62948
29612 71799
60396 64597
26870 76311
22423 62807
33542 50593
17223 32733
10693 51688
57613 94137
39626 66330
11051 92729
60004 61878
62115 87212
10193 26004
27349 49372
44566 59980
75640 93859
15862 84211
66294 70311
20996 36409
45628 65024
71934 71986
20070 38361
4851 43115
11717 69655
84168 98346
47848 98846
21180 69761
36558 38623
21054 96122
56438 97453
40089 58355
36379 82389
72799 73134
7052 21209
5498 18423
39069 81616
11141 28834
84411 89543
38250 55037
90606 97108
85881 90602
10033 71267
58081 64250
78091 85797
30098 58273
50690 79213
9775 51566
15064 82693
29580 82806
53015 66168
24642 40716
84170 93042
67427 92138
37491 82507
37338 47715
15354 74400
11115 90031
39317 40806
50613 75999
16617 94552
15977 55360
18095 50777
51736 63819
36871 78466
71188 76135
45341 45404
24719 83680
17248 76355
32163 82206
61861 68463
12598 49847
38747 80878
27546 77601
54772 99412
74642 92553
34365 48960
34239 90901
24680 86727
33989 50379
41979 83983
50277 73357
86114 86971
11752 22886
33817 88431