1 10
100 200
201 210
900 1000
999999 1
1 999999
1 10
1 100
1 1000
1 10000
1 100000
100000 1
10000 1
1000 1
100 1
10 1
1 1
15 16
1500 1501
999998 999999
123 456 
123456 78910
455 230
123980 83921 
322381 673142
995295 572786
134 518573 
1 326862
733377 827686
465828 276965
190009 188044
920661 596043
332725 821401
836514 638979
469528 707973
657166 759915
235802 558344
491098 128163
986078 948849
191516 75740
731627 723926
734275 272264
472263 583944
90029 389861
851254 91737
14870 963245
456220 773259
283949 891483
286925 627150
181568 194748
817562 844806
469635 949442
608559 45736
835236 17100
362210 814616
388814 168095
747458 361240
812988 442715
860116 907277
726047 49487
978855 451456
108817 145295
208712 764880
241241 325003
619567 442261
614253 983414
611916 851622
372353 77299
3591 938931
130530 22789
768392 880366
830944 429583
979188 839624
13444 748743
764889 758271
34350 42443
794078 991494
684491 43971
597089 337910
391372 749753
976455 719157
658600 945947
195533 968174
41857 402800
742560 54604
749731 666641
276156 219391
923330 674460
20375 193779
764934 339437
874277 273366
738622 782475
639392 331222
83330 741454
380426 271920
637235 99562
634388 216145
505259 785296
554574 784231
276488 174994
930637 782041
294612 839389
123411 1284
1 2
1515 11
