1 10
100 200
201 210
900 1000
42 749
10 1
55 263
3 775
4 355
7 89
200 570
14 1997
12 2000
1000 4250
79 9000
46356 645
343 7347
12 67346
45 832
56 73462
4623 356257
454 42357
1245 5653
123 456
456 789 
6 5623
45 2357
11 777
4 666
453 34623
124512 12451
425 24552
23 246246
245 24546
75 213
4 76
2 83
48 216
663 3542
63 72
46 26
462 146
12 15
45 72
22 56
1 46
3 467
5 64
7 25
5 244
455 2415
541 62
52 145
2 55
6 87
3 63
3 72
6 73
1 34
3 6
7 55
2 51
3 71
9 356
64 146
46 146
44 71
46 43
68 13 
57 59
82 235
52 513
96 313
57 68
18 47
47 29
27 47
69 42
42 14
14 97
12 97
12 19
98 101
87 65
12 45
64 24
12 29
14 19
17 29
14 29
2000 2021
33 77
666 777
23 91
74 43
29 43
67 21
53 23
10 100
21 49
29 98
